PPLCNet_x1_0,6.91613,13.45985,6.91524,11.18262,1.23323,0.0,0.0,
VGG11,6.85259,6.93644,6.86643,6.92541,6.93644,0.0,0.0,
ResNet50_vd,6.69799,347.85004,6.7439,167.21382,0.89191,0.0,0.0,
InceptionV4,6.73499,44.08824,6.73233,82.64223,0.91722,0.0,0.0,
MobileNetV3_large_x1_0,6.90995,7.13872,6.9092,8.21132,1.06482,0.0,0.0,
ResNet50,6.88693,215.46383,6.79202,35.54848,0.93207,0.0,0.0,
MobileNetV1,6.87987,7.29124,6.78014,7.15895,7.29124,0.0,0.0,
HRNet_W18_C,6.88342,7.24146,6.78569,7.14813,7.24146,0.0,0.0,
Res2Net50_26w_4s,6.70095,248.04239,6.7506,61.73553,248.04239,0.0,0.0,
ResNeXt101_32x8d_wsl,6.8861,243.64409,6.79908,209.54898,243.64409,0.0,0.0,
HarDNet68,6.88424,7.23582,6.78837,7.08192,7.23582,0.0,0.0,
DenseNet121,6.88443,8.21925,6.75566,7.42118,8.21925,0.0,0.0,
DarkNet53,6.70317,36911.37825,6.73845,29462.40842,36911.37733,0.0,0.0,
MobileNetV2,6.6994,6.99675,6.756,7.10359,6.99675,0.0,0.0,
Xception41_deeplab,6.75262,7.24546,6.76511,7.31821,7.24546,0.0,0.0,
ShuffleNetV2_x1_0,7.55814,8.03887,7.1443,7.50209,8.03887,0.0,0.0,
DeiT_tiny_patch16_224,6.5819,7.62147,6.69045,7.58847,7.62147,0.0,0.0,
Xception71,6.74302,20.38691,6.78775,8.53229,20.38691,0.0,0.0,
ResNeSt50_fast_1s1x64d,6.69855,55.12792,6.74337,11.72477,55.12792,0.0,0.0,
ViT_small_patch16_224,11.33264,19.40664,7.46077,8.574,19.40664,0.0,0.0,
GoogLeNet,11.19745,11.13567,11.30747,11.18078,11.13567,0.0,0.0,
pcpvt_small,6.61473,7.33824,6.59835,7.21201,7.33824,0.0,0.0,
SqueezeNet1_0,6.85179,6.92344,6.86588,6.92823,6.92344,0.0,0.0,
RedNet50,6.904,0.0,6.82994,0.0,0.94408,0.0,0.0,
LeViT_128S,125091.62384,818430.125,12.10445,34.80694,1.2112,0.0,0.0,
AlexNet,6.80957,6.95573,6.85164,6.92223,6.95573,0.0,0.0,
DLA46_c,6.87567,7.39701,6.7828,7.33873,7.39701,0.0,0.0,
MixNet_M,6.88495,14.08048,6.78975,11.83084,14.08048,0.0,0.0,
DPN107,6.69855,7.14157,6.74196,13.50379,7.14157,0.0,0.0,
TNT_small,7.81988,12.23977,6.77878,8.11172,12.23977,0.0,0.0,
EfficientNetB0,11.5259,41611.28584,10.24233,3915243.298,41611.28521,0.0,0.0,
GhostNet_x1_3,7.81002,8.18108,7.50451,547850.74225,1.05573,0.0,0.0,
SE_ResNet18_vd,6.69332,22.53127,6.73642,18.26447,22.53127,0.0,0.0,
ResNeXt152_64x4d,6.89059,1204.65187,6.80012,36.73183,0.88949,0.0,0.0,
SwinTransformer_tiny_patch4_window7_224,6.69151,7.5818,6.80481,7.49545,7.5818,0.0,0.0,
ReXNet_1_0,6.25226,113.69891,6.39636,14.0097,113.69891,0.0,0.0,
CSPDarkNet53,6.88833,8.58148,6.79435,9.53533,8.58148,0.0,0.0,
alt_gvt_small,6.55426,7.22254,6.61246,7.27416,7.22254,0.0,0.0,
