PPLCNet_x1_0,6.91511,11.41589,6.9245,10.05437,1.23323,0.0,0.0,
HRNet_W18_C,6.88455,7.4173,6.77437,7.13696,7.4173,0.0,0.0,
InceptionV4,6.74238,37.31124,6.77334,61.15176,0.91722,0.0,0.0,
MobileNetV1,6.87974,9.48358,6.78153,7.10759,9.48358,0.0,0.0,
MobileNetV3_large_x1_0,6.9124,9.53485,6.91266,9.71489,1.06482,0.0,0.0,
ResNet50_vd,6.69878,230.02113,6.74566,221.95624,0.89191,0.0,0.0,
VGG11,6.85747,6.93885,6.87612,6.92737,6.93885,0.0,0.0,
ResNet50,6.88594,242.63904,6.79078,103.30228,0.93207,0.0,0.0,
Xception41_deeplab,6.74726,10.80004,6.74393,7.57139,10.80004,0.0,0.0,
DenseNet121,6.88491,8.44655,6.79185,7.5423,8.44655,0.0,0.0,
Res2Net50_26w_4s,6.70066,33.74365,6.74628,104.94863,33.74365,0.0,0.0,
DarkNet53,6.7008,114508.60591,6.74196,27.49835,114508.60322,0.0,0.0,
SwinTransformer_tiny_patch4_window7_224,6.7153,7.59138,6.73513,7.60257,7.59138,0.0,0.0,
ReXNet_1_0,6.29603,51.10394,6.40641,25.11636,51.10394,0.0,0.0,
ShuffleNetV2_x1_0,7.56158,8.05289,7.15206,7.50854,8.05289,0.0,0.0,
pcpvt_small,6.60027,7.44626,6.63346,7.34454,7.44626,0.0,0.0,
SqueezeNet1_0,6.85499,6.921,6.84757,6.95105,6.921,0.0,0.0,
Xception71,6.73924,54.10854,6.77427,18.45318,54.10854,0.0,0.0,
AlexNet,6.80892,6.95387,6.85212,6.92356,6.95387,0.0,0.0,
ResNeSt50_fast_1s1x64d,6.69999,28.23175,6.742,88.51149,28.23175,0.0,0.0,
MixNet_M,6.88496,10.83415,6.78911,7.42948,10.83415,0.0,0.0,
RedNet50,6.89483,0.0,6.82633,0.0,0.94408,0.0,0.0,
DPN107,6.69839,8.00598,6.75288,9.55713,8.00598,0.0,0.0,
LeViT_128S,59128.39954,393302.9775,9.63286,35.57647,1.2112,0.0,0.0,
TNT_small,8.10042,10.28908,6.67185,8.0366,10.28908,0.0,0.0,
GoogLeNet,11.18412,11.21159,11.28615,11.18035,11.21159,0.0,0.0,
GhostNet_x1_3,7.79982,8.2635,7.50391,9.74627,1.05573,0.0,0.0,
ResNeXt152_64x4d,6.8906,136.06515,6.79265,396.08417,0.88949,0.0,0.0,
EfficientNetB0,13.10029,15.29227,10.20173,276.32164,15.29227,0.0,0.0,
SE_ResNet18_vd,6.69452,20.79896,6.73695,13.42021,20.79896,0.0,0.0,
CSPDarkNet53,6.88871,9.56056,6.78944,8.33061,9.56056,0.0,0.0,
ResNeXt101_32x8d_wsl,6.88583,152.66803,6.79247,54.00892,152.66804,0.0,0.0,
MobileNetV2,6.69681,7.01356,6.76304,7.03671,7.01356,0.0,0.0,
DLA46_c,6.88287,7.32378,6.7824,7.17092,7.32378,0.0,0.0,
HarDNet68,6.88417,7.23578,6.78335,7.08512,7.23578,0.0,0.0,
alt_gvt_small,6.59651,7.37787,6.53953,7.5097,7.37787,0.0,0.0,
DeiT_tiny_patch16_224,6.61004,7.52763,6.63883,7.54239,7.52763,0.0,0.0,
ViT_small_patch16_224,11.73698,14.8764,7.24869,8.74698,14.8764,0.0,0.0,
