1468469
1339888
1339612
1329361
1321118
1317771
1294333
1290873
1283423
1709811
1640180
1639964
1639963
1616829
1584124
1564384
1536770
1535371
1535355
2002040
1995031
1978303
1972174
1968542
1944531
1926754
1922526
1918692
1711977
3200308
2463239
2303979
2210518
2114383
2029701
2022424
2017202
2017189
2017173
3955163
3914778
3882519
3696243
3678873
3445279
3401596
3360011
3351784
3243711
4497591
4465498
4442857
4442670
4399703
4049663
4038499
3996601
3989073
3986803
4944851
4913037
4905623
4903719
4903699
4903667
4881278
4833746
4805479
4568985
